[Special Pack 1.jpg]
filters=crop64=1,a5e3da73ffff;
crop=rect64(a5e3da73ffff)
moddate=72a095f5b334cf01
width=150
height=250
text=1;149;26;Apple iphone &#010;+&#010;Apple ipod;Arial;0.120525,0.719934,0.058667,0.000000;v1,4279111182,4293454056,128.000000,1.000000,0.000000,1.000000,400,256,49160;;
textactive=1
